1 0 11087
2 11087 12645
3 23732 1186
4 24918 5633
5 30551 4154
6 34705 5179
7 39884 18760
8 58644 5470
9 64114 5413
10 69527 17802
11 87329 4467
12 91796 11836
13 103632 13909
14 117541 3588
15 121129 1708
16 122837 614
17 123451 13923
18 137374 13448
19 150822 7542
20 158364 29574
21 187938 5948
22 193886 8254
23 202140 26373
24 228513 12006
25 240519 15222
26 255741 40195
27 295936 32714
28 328650 4925
29 333575 15185
30 348760 23205
31 371965 4144
32 376109 2277
33 378386 2730
34 381116 4189
35 385305 8824
36 394129 5435
37 399564 251
38 399815 3280
39 403095 8601
40 411696 2748
41 414444 2406
42 416850 4317
43 421167 1995
44 423162 2692
45 425854 2123
46 427977 1425
47 429402 6605
48 436007 3264
49 439271 21034
50 460305 4882
51 465187 1616
52 466803 7386
53 474189 309
54 474498 36227
55 510725 6020
56 516745 4574
57 521319 5059
58 526378 2894
59 529272 1986
60 531258 10468
61 541726 2327
62 544053 4618
63 548671 7452
64 556123 5651
65 561774 6351
66 568125 5580
67 573705 7724
68 581429 10134
69 591563 11068
70 602631 13414
71 616045 6346
72 622391 9904
73 632295 7891
74 640186 4348
75 644534 6752
76 651286 6242
77 657528 3196
78 660724 2553
79 663277 1590
80 664867 4018
81 668885 3264
82 672149 3840
83 675989 2981
84 678970 28474
85 707444 7250
86 714694 6274
87 720968 1769
88 722737 1804
89 724541 1548
90 726089 1223
91 727312 6482
92 733794 14296
93 748090 14168
94 762258 799
95 763057 457
432 763514 511
442 764025 470
441 764495 436
440 764931 411
439 765342 425
438 765767 5471
430 771238 764
426 772002 415
435 772417 468
425 772885 607
433 773492 515
107 774007 730
108 774737 1318
109 776055 738
110 776793 1393
111 778186 726
112 778912 739
113 779651 1334
114 780985 1342
115 782327 1446
116 783773 1457
117 785230 759
118 785989 1401
119 787390 762
120 788152 1409
121 789561 1312
122 790873 750
123 791623 1337
124 792960 751
125 793711 756
126 794467 1422
127 795889 1420
128 797309 1381
129 798690 724
130 799414 743
131 800157 1339
132 801496 751
133 802247 1335
134 803582 1317
135 804899 1351
136 806250 1333
137 807583 1325
138 808908 726
139 809634 1386
140 811020 1395
141 812415 1269
142 813684 1364
143 815048 1410
144 816458 727
145 817185 1374
146 818559 1596
147 820155 1324
148 821479 1382
149 822861 1352
150 824213 1340
151 825553 1280
152 826833 1287
153 828120 767
154 828887 1425
155 830312 740
156 831052 733
157 831785 759
158 832544 722
159 833266 1444
160 834710 732
161 835442 733
162 836175 1466
163 837641 721
164 838362 1373
165 839735 1362
166 841097 738
167 841835 11083
168 852918 3378
169 856296 7833
170 864129 5303
171 869432 11552
172 880984 5226
173 886210 16201
174 902411 8044
175 910455 11050
176 921505 19886
177 941391 9244
178 950635 18264
179 968899 2263
180 971162 12928
181 984090 10621
182 994711 6980
183 1001691 23594
184 1025285 23909
185 1049194 7386
186 1056580 12564
187 1069144 4816
188 1073960 8202
189 1082162 10044
190 1092206 1309
191 1093515 7516
192 1101031 16482
193 1117513 6776
194 1124289 8761
195 1133050 5076
196 1138126 2694
197 1140820 1432
198 1142252 3836
199 1146088 3727
200 1149815 1505
201 1151320 9742
202 1161062 12158
203 1173220 8353
204 1181573 3531
205 1185104 4878
206 1189982 2096
207 1192078 2841
208 1194919 3189
209 1198108 24384
210 1222492 1946
211 1224438 2952
212 1227390 1158
213 1228548 2175
214 1230723 17671
215 1248394 14933
216 1263327 3841
217 1267168 9904
218 1277072 18616
219 1295688 11779
220 1307467 12163
221 1319630 9365
222 1328995 8840
223 1337835 7139
224 1344974 13999
225 1358973 16516
226 1375489 14671
227 1390160 14174
228 1404334 21441
229 1425775 21040
230 1446815 15056
231 1461871 17990
232 1479861 5017
233 1484878 8052
234 1492930 4653
235 1497583 3440
236 1501023 3943
237 1504966 5054
238 1510020 2251
239 1512271 1895
240 1514166 2499
241 1516665 4311
242 1520976 3305
243 1524281 3177
244 1527458 4250
245 1531708 2816
246 1534524 8385
247 1542909 16320
248 1559229 5250
249 1564479 2316
250 1566795 4289
251 1571084 8603
252 1579687 12566
253 1592253 3012
254 1595265 9146
255 1604411 4445
256 1608856 11938
257 1620794 10177
258 1630971 5425
259 1636396 1964
260 1638360 6979
261 1645339 6446
262 1651785 3950
263 1655735 7699
264 1663434 13898
265 1677332 4533
266 1681865 5633
267 1687498 2124
268 1689622 4167
269 1693789 3902
270 1697691 2858
271 1700549 3081
272 1703630 9381
273 1713011 4556
274 1717567 2866
275 1720433 2386
276 1722819 9642
277 1732461 4706
278 1737167 6061
279 1743228 7126
280 1750354 5272
281 1755626 3557
282 1759183 3736
283 1762919 17362
284 1780281 2402
285 1782683 4421
286 1787104 5854
287 1792958 2500
288 1795458 6480
289 1801938 3575
290 1805513 4845
291 1810358 16067
292 1826425 2572
293 1828997 3204
294 1832201 5190
295 1837391 8956
296 1846347 7052
297 1853399 8716
298 1862115 21551
299 1883666 17640
300 1901306 5386
301 1906692 5088
302 1911780 3961
303 1915741 6908
304 1922649 5865
305 1928514 2700
306 1931214 5045
307 1936259 10049
308 1946308 4495
309 1950803 4561
310 1955364 8062
311 1963426 5573
312 1968999 2403
313 1971402 4460
314 1975862 8184
315 1984046 3928
316 1987974 11532
317 1999506 8861
318 2008367 3946
319 2012313 1900
320 2014213 3989
321 2018202 4401
322 2022603 3478
323 2026081 5502
324 2031583 15799
325 2047382 31322
326 2078704 11789
327 2090493 2821
328 2093314 3540
329 2096854 2199
330 2099053 4101
331 2103154 3558
332 2106712 2487
333 2109199 9575
420 2118774 496
335 2119270 2908
336 2122178 4137
337 2126315 3516
338 2129831 2902
339 2132733 13595
340 2146328 3386
341 2149714 983
342 2150697 3016
343 2153713 4325
344 2158038 3248
345 2161286 9885
346 2171171 7699
347 2178870 3628
348 2182498 2570
349 2185068 5110
429 2190178 464
351 2190642 3799
352 2194441 4829
353 2199270 3716
354 2202986 3295
355 2206281 4546
356 2210827 2818
416 2213645 416
358 2214061 258
359 2214319 288
415 2214607 672
361 2215279 312
414 2215591 396
363 2215987 249
364 2216236 231
365 2216467 238
413 2216705 313
367 2217018 264
368 2217282 225
412 2217507 295
370 2217802 282
371 2218084 246
372 2218330 208
373 2218538 246
427 2218784 412
375 2219196 273
419 2219469 594
418 2220063 700
422 2220763 647
379 2221410 213
431 2221623 539
381 2222162 240
409 2222402 285
383 2222687 218
408 2222905 296
385 2223201 226
407 2223427 4622
387 2228049 2002
388 2230051 841
389 2230892 2362
390 2233254 1780
391 2235034 2662
392 2237696 3208
393 2240904 1941
394 2242845 2316
395 2245161 1621
396 2246782 2323
397 2249105 1617
398 2250722 1680
399 2252402 1274
400 2253676 5052
401 2258728 1460
402 2260188 3559
403 2263747 2251
404 2265998 1240
405 2267238 3565
406 2270803 2092
